1	NORMAL	544	733	20	293
2	NORMAL	322	504	68	320
1	NORMAL	544	733	20	293
2	NORMAL	322	504	68	320
1	NORMAL	410	442	234	367
2	NORMAL	629	636	354	425
1	NORMAL	536	727	34	283
2	NORMAL	275	504	24	320
1	NORMAL	536	727	34	283
2	NORMAL	275	504	24	320
1	NORMAL	547	707	43	275
2	NORMAL	324	499	65	315
1	NORMAL	547	707	43	275
2	NORMAL	324	499	65	315
1	NORMAL	547	707	43	275
2	NORMAL	324	499	65	315
1	NORMAL	459	619	102	306
2	NORMAL	384	488	108	349
1	NORMAL	527	733	28	290
2	NORMAL	257	499	46	314
1	NORMAL	503	737	2	269
2	NORMAL	353	530	72	325
1	NORMAL	503	737	2	269
2	NORMAL	353	530	72	325
1	NORMAL	499	743	3	269
2	NORMAL	340	510	76	318
1	NORMAL	499	743	3	269
2	NORMAL	340	510	76	318
1	NORMAL	499	743	3	269
2	NORMAL	340	510	76	318
1	NORMAL	499	743	3	269
2	NORMAL	340	510	76	318
1	NORMAL	499	743	3	269
2	NORMAL	340	510	76	318
1	NORMAL	561	722	53	294
2	NORMAL	316	497	55	291
1	NORMAL	561	722	53	294
2	NORMAL	316	497	55	291
1	NORMAL	496	727	24	338
2	NORMAL	291	539	66	299
1	NORMAL	497	718	82	269
2	NORMAL	327	457	101	334
1	NORMAL	561	620	109	265
2	NORMAL	392	444	111	245
1	NORMAL	559	743	38	284
2	NORMAL	306	510	50	314
1	NORMAL	559	743	38	284
2	NORMAL	306	510	50	314
1	NORMAL	559	743	38	284
2	NORMAL	306	510	50	314
1	NORMAL	541	787	42	271
2	NORMAL	327	565	78	348
1	NORMAL	541	787	42	271
2	NORMAL	327	565	78	348
1	NORMAL	581	716	50	289
2	NORMAL	322	496	58	303
1	NORMAL	581	716	50	289
2	NORMAL	322	496	58	303
1	NORMAL	558	727	13	261
2	NORMAL	336	503	81	301
1	NORMAL	558	727	13	261
2	NORMAL	336	503	81	301
3	NORMAL	565	641	113	217
1	NORMAL	271	368	253	406
2	NORMAL	257	331	174	218
1	NORMAL	235	339	241	356
2	NORMAL	352	416	148	224
1	NORMAL	235	339	241	356
2	NORMAL	352	416	148	224
1	NORMAL	225	393	229	387
2	NORMAL	242	321	171	220
1	NORMAL	283	379	257	403
2	NORMAL	252	309	161	225
1	NORMAL	237	366	220	406
2	NORMAL	261	305	177	213
1	NORMAL	279	362	276	380
2	NORMAL	252	319	178	228
3	NORMAL	198	267	121	194
